72 
72 
57 
36 
72 
57 
72 
57 
72 
72 
72 
72 
36 
57 
380 
72 
36 
36 
54 
54 
57 
36 
36 
54 
72 
54 
57 
36 
72 
36 
72 
72 
72 
72 
72 
72 
72 
72 
72 
72 
72 
72 
72 
72 
36 
72 
72 
72 
72 
72 
72 
72 
72 
72 
36 
54 
54 
54 
36 
72 
54 
54 
54 
36 
36 
54 
54 
54 
54 
36 
54 
54 
36 
54 
72 
54 
54 
54 
54 
72 
72 
54 
54 
36 
54 
54 
72 
72 
54 
54 
72 
54 
200 
54 
54 
72 
200 
200 
126 
90 
200 
72 
36 
126 
200 
54 
90 
200 
54 
200 
72 
54 
54 
200 
72 
54 
72 
126 
54 
54 
36 
54 
54 
72 
72 
100 
54 
72 
36 
72 
72 
126 
200 
100 
36 
54 
200 
54 
54 
54 
200 
72 
72 
36 
36 
36 
36 
72 
54 
72 
72 
60 
36 
54 
72 
54 
54 
54 
36 
36 
54 
36 
72 
54 
36 
60 
72 
36 
36 
54 
54 
36 
36 
36 
54 
54 
100 
100 
54 
36 
72 
40 
54 
54 
54 
36 
40 
54 
54 
72 
36 
90 
36 
54 
54 
58 
40 
60 
40 
54 
54 
54 
72 
54 
72 
100 
36 
54 
36 
100 
72 
100 
54 
72 
72 
72 
72 
54 
72 
72 
54 
54 
54 
54 
54 
36 
54 
36 
54 
72 
54 
54 
72 
54 
16 
54 
54 
72 
36 
72 
54 
54 
54 
54 
54 
36 
54 
54 
72 
36 
54 
72 
54 
54 
72 
36 
36 
54 
54 
100 
100 
54 
54 
54 
54 
54 
36 
36 
36 
54 
54 
54 
72 
54 
54 
54 
54 
54 
36 
54 
54 
72 
36 
54 
36 
36 
36 
54 
72 
54 
36 
36 
54 
500 
18 
18 
18 
36 
36 
90 
18 
54 
54 
500 
18 
18 
27 
18 
54 
36 
180 
90 
36 
54 
216 
162 
54 
36 
18 
54 
18 
36 
18 
36 
36 
36 
18 
54 
54 
36 
18 
54 
18 
36 
18 
36 
36 
36 
18 
54 
216 
162 
500 
18 
18 
18 
36 
36 
90 
18 
54 
54 
216 
162 
500 
18 
18 
18 
36 
36 
90 
18 
54 
54 
500 
500 
18 
72 
234 
54 
500 
18 
18 
27 
18 
54 
36 
180 
90 
36 
54 
216 
162 
216 
162 
500 
18 
72 
234 
54 
500 
18 
18 
27 
18 
54 
36 
180 
90 
36 
54 
500 
18 
18 
27 
18 
54 
36 
180 
90 
36 
54 
500 
18 
72 
234 
54 
234 
18 
18 
18 
36 
36 
90 
18 
54 
54 
54 
36 
18 
54 
18 
36 
18 
36 
36 
36 
18 
54 
500 
36 
18 
18 
36 
36 
90 
18 
54 
54 
18 
54 
18 
27 
54 
54 
54 
60 
54 
54 
36 
54 
72 
90 
54 
40 
54 
36 
72 
54 
36 
54 
36 
72 
36 
54 
72 
36 
72 
54 
54 
54 
54 
36 
80 
54 
54 
54 
72 
60 
240 
54 
54 
72 
200 
80 
54 
36 
36 
72 
54 
36 
54 
72 
54 
60 
40 
60 
60 
80 
60 
54 
54 
54 
90 
72 
54 
54 
36 
90 
36 
90 
54 
54 
200 
36 
54 
72 
72 
72 
54 
54 
72 
54 
54 
54 
54 
54 
54 
36 
36 
36 
54 
54 
54 
54 
54 
54 
72 
54 
54 
54 
36 
36 
72 
72 
108 
36 
72 
54 
100 
100 
72 
72 
72 
72 
72 
108 
108 
38 
90 
72 
72 
54 
54 
54 
54 
54 
72 
54 
54 
108 
36 
30 
54 
100 
72 
72 
100 
72 
54 
54 
72 
72 
80 
72 
72 
40 
72 
128 
100 
54 
72 
20 
72 
72 
72 
54 
72 
72 
72 
72 
54 
54 
80 
72 
36 
54 
80 
54 
72 
40 
40 
72 
54 
36 
108 
36 
100 
72 
100 
72 
108 
54 
72 
54 
54 
72 
72 
72 
108 
144 
108 
144 
180 
144 
144 
144 
108 
90 
126 
144 
72 
180 
144 
72 
72 
144 
108 
144 
144 
144 
144 
108 
90 
126 
36 
144 
72 
72 
144 
144 
144 
216 
144 
108 
108 
108 
36 
144 
144 
144 
144 
90 
108 
126 
72 
72 
72 
144 
144 
144 
144 
108 
108 
108 
90 
108 
126 
36 
72 
108 
90 
126 
72 
72 
72 
144 
144 
144 
144 
144 
108 
108 
108 
72 
72 
108 
72 
72 
108 
288 
90 
126 
126 
54 
54 
54 
54 
36 
100 
54 
54 
54 
36 
100 
72 
40 
100 
36 
36 
80 
100 
80 
80 
100 
100 
40 
54 
54 
54 
72 
36 
54 
40 
40 
100 
54 
36 
54 
60 
54 
54 
54 
72 
54 
60 
54 
54 
54 
60 
72 
54 
54 
54 
54 
36 
36 
40 
40 
54 
54 
54 
54 
54 
60 
72 
54 
54 
54 
60 
54 
54 
80 
72 
54 
54 
72 
54 
60 
72 
54 
60 
54 
36 
220 
220 
60 
54 
72 
40 
36 
72 
54 
54 
40 
60 
60 
120 
54 
100 
100 
54 
72 
72 
72 
54 
54 
54 
54 
72 
54 
72 
72 
72 
72 
54 
54 
72 
54 
72 
72 
72 
54 
54 
72 
200 
72 
72 
80 
72 
50 
72 
200 
72 
72 
50 
72 
72 
200 
72 
72 
50 
72 
72 
200 
72 
72 
72 
200 
72 
72 
72 
72 
72 
72 
72 
72 
200 
72 
72 
72 
72 
72 
72 
200 
72 
72 
72 
72 
50 
50 
72 
200 
72 
72 
72 
36 
72 
72 
72 
36 
72 
72 
72 
72 
72 
90 
36 
36 
72 
72 
60 
36 
72 
72 
80 
72 
36 
36 
72 
72 
36 
72 
72 
72 
72 
230 
36 
72 
230 
72 
72 
72 
72 
72 
72 
72 
230 
72 
72 
72 
72 
36 
72 
36 
72 
72 
54 
54 
36 
72 
72 
72 
54 
72 
54 
54 
54 
72 
54 
160 
36 
54 
54 
54 
72 
72 
72 
54 
72 
54 
54 
59 
72 
54 
54 
36 
54 
36 
72 
56 
54 
54 
54 
36 
54 
54 
72 
54 
72 
72 
